0
0
31
146
550
1818
5122
12733
28438
57209
105084
178515
283573
425385
604674
816923
1050776
1287936
1507107
1691698
1831147
1924745
1979142
2005876
2016745
2020291
2021191
2021340
2021362
2021363
2021458
2021894
2023630
2029018
2042898
2073973
2135529
2244100
2418577
2680528
3051135
3544021
4159223
4879509
5664200
6452075
7179147
7790085
8253758
8569210
8757524
8854675
8896634
8911493
8915620
8916515
8916650
8916671
8917008
8918575
8924589
8942770
8987509
9082489
9259591
9556808
10017232
10683167
11589148
12750195
14156501
15766898
17504875
19252729
20879523
22267084
23343622
24098774
24571738
24831780
24954144
25002593
25017855
25021788
25022525
25022594
25023896
25028848
25045196
25090845
25198842
25417486
25806098
26435627
27378273
28694945
30421711
32563933
35087444
37917128
40925689
43940666
46757401
49195176
51135586
52544474
53468643
54007461
54283145
54404312
54448273
54461717
54464678
54465076
54469248
54483149
54522504
54621513
54837764
55251184
55959232
57066007
58669757
60833953
63575120
66860775
70612216
74718771
79024879
83323197
87370067
90937717
93855400
96046256
97546234
98471696
98981566
99226679
99326751
99359899
99368382
99369712
99380387
99412346
99492201
99671884
100033313
100691541
101780896
103440148
105775694
108832661
112584561
116942357
121778909
126954969
132305894
137626200
142677922
147207428
151003633
153945301
156036040
157382083
158163751
158564964
158740860
158803270
158820626
158824002
158844672
158901471
159032626
159307190
159828575
160734950
162197424
164379400
167390002
171235268
175819862
180994466
186591348
192469973
198482743
204458752
210184996
215408171
219883432
223437970
226032260
227756871
228794109
229349268
229605327
229700382
229727979
229733832
229764710
229846526
230027514
230389991
231056202
232180494
233949373
236539113
240051929
244435514
249520624
255105992
261008237
267102396
273291505
279468609
285461038
291026448
295885433
299820050
302741071
304717672
305926379
306587668
306900402
307020389
307055646
307063123
307099853
307197303
307412471
307841587
308622971
309925356
311934412
314820389
318653394
323321455
328594922
334237051
340065812
345998636
352008723
358065505
364038763
369678312
374670822
378755139
381811918
383891175
385166175
385866853
386200170
386329037
386366407
386373914
386410896
386513958
386748909
387226392
388102553
389560592
391779087
394900483
398934132
403719131
408979746
414455563
419989578
425561324
431232347
437035084
442841278
448377413
453300717
457330240
460337997
462373009
463613435
464286848
464603208
464724114
464757958
464764113
464797186
464898089
465142633
465660012
466621927
468221078
470630141
473950179
478133734
482962707
488132780
493383385
498601776
503846400
509256463
514875104
520537768
525925441
530681430
534531667
537373352
539272957
540412945
541018540
541293211
541394941
541422148
541426496
541455571
541554229
541809583
542365381
543408024
545138402
547717043
551206987
555509385
560364172
565454234
570543487
575584812
580709610
586077698
591685938
597294966
602547881
607100458
610716394
613338824
615065244
616085517
616614168
616844013
616924840
616945216
616948081
616974674
617075568
617348351
617947956
619067533
620913610
623640893
627282506
631693552
636588005
641665939
646739277
651820028
657086695
662643686
668398766
674034191
679187691
683551693
686944461
689359969
690936342
691860851
692333125
692531951
692598003
692613969
692616053
692643088
692753244
693051536
693701098
694894795
696842207
699688024
703444132
707942249
712899091
718043849
723263389
728599874
734208306
740090854
746051988
751736776
756810136
761016304
764231741
766500105
767978507
768849966
769296522
769483729
769543555
769557864
769559823
769591014
769717392
770049927
770757565
772032747
774078049
777019362
780853015
785409058
790423415
795686912
801134208
806814327
812807445
818987865
825097348
830782402
835767303
839852164
842953046
845141087
846578454
847437902
847884863
848074912
848135720
848150383
848152523
848192186
848340949
848715507
849493484
850865362
853014705
856036892
859906697
864454752
869459132
874772948
880362998
886270928
892484048
898797097
904914614
910516664
915388318
919366590
922392258
924545694
925974369
926841230
927299164
927496971
927561136
927576801
927579481
927630600
927803710
928224270
929082118
930564632
932828849
935925199
939790818
944254215
949138978
954354939
959897788
965795907
971974056
978199833
984178521
989625897
994358257
998230944
1001198543
1003329739
1004751404
1005618020
1006080254
1006282943
1006350760
1006367834
1006371222
1006432252
1006626089
1007090476
1008024536
1009614678
1011987483
1015142968
1018980807
1023316491
1028019012
1033045610
1038410900
1044132706
1050125821
1056162736
1061954693
1067237182
1071826121
1075590322
1078484699
1080564847
1081950332
1082791906
1083241937
1083442231
1083511453
1083529595
1083533468
1083598542
1083801301
1084294204
1085285849
1086961854
1089419349
1092622311
1096441450
1100701700
1105290219
1110181886
1115408603
1120992410
1126839354
1132737763
1138393181
1143545387
1147999497
1151634548
1154413775
1156392304
1157695103
1158478698
1158896616
1159083989
1159150083
1159167538
1159171279
1159232509
1159429207
1159924785
1160937339
1162658517
1165174883
1168444557
1172327633
1176651649
1181306651
1186265803
1191555787
1197183659
1203048213
1208926355
1214518915
1219561163
1223858175
1227310970
1229902891
1231713521
1232884092
1233577606
1233943048
1234106857
1234164274
1234179189
1234182144
1234233346
1234410871
1234883699
1235876773
1237595122
1240138092
1243474303
1247476375
1251985229
1256881456
1262113676
1267668750
1273508032
1279497681
1285396690
1290906000
1295771422
1299825106
1303000570
1305322105
1306900968
1307894374
1308468829
1308765784
1308896864
1308941654
1308952607
1308954579
1308994584
1309147113
1309576782
1310507843
1312155770
1314647234
1317982598
1322060514
1326745945
1331908967
1337455069
1343300159
1349335234
1355378391
1361175861
1366449815
1370978078
1374638549
1377411746
1379373569
1380663633
1381450200
1381891353
1382112922
1382207207
1382238280
1382245320
1382246462
1382276906
1382403346
1382773594
1383596328
1385090362
1387401361
1390578138
1394550991
1399215475
1404442640
1410094796
1416013242
1422005819
1427841971
1433273283
1438061281
1442037586
1445136941
1447394835
1448928956
1449899424
1450471184
1450779722
1450928768
1450989677
1451008473
1451012298
1451012811
1451034969
1451129935
1451415846
1452073274
1453302411
1455257748
1458020335
1461573324
1465843994
1470705534
1475997867
1481510461
1486991994
1492199335
1496896973
1500898712
1504098184
1506492011
1508166285
1509255389
1509915661
1510287268
1510479786
1510568930
1510602837
1510612256
1510613947
1510614121
1510626944
1510685218
1510869146
1511314866
1512189838
1513644980
1515783830
1518632387
1522141851
1526198595
1530640259
1535243761
1539760559
1543950338
1547617120
1550627849
1552933383
1554587026
1555696126
1556386155
1556785719
1557000615
1557107170
1557153006
1557168678
1557172464
1557173048
1557173108
1557178850
1557205829
1557298411
1557541180
1558049904
1558949638
1560340641
1562273145
1564721142
1567583466
1570736438
1574000258
1577176699
1580069373
1582533062
1584489903
1585936445
1586933562
1587577224
1587959946
1588172892
1588282299
1588333081
1588353023
1588358900
1588360076
1588360244
1588360261
1588361955
1588371006
1588405388
1588504059
1588731653
1589168654
1589891509
1590946068
1592332416
1593994812
1595831579
1597726198
1599557141
1601195926
1602564762
1603620428
1604377469
1604882038
1605195345
1605375171
1605469867
1605515760
1605535492
1605542404
1605544147
1605544437
1605544477
1605544484
1605544761
1605546733
1605555680
1605583497
1605653252
1605797873
1606053818
1606447331
1606983764
1607649190
1608400221
1609175573
1609920275
1610576492
1611116486
1611527539
1611817969
1612008474
1612123754
1612187522
1612219753
1612234330
1612239999
1612241717
1612242084
1612242132
1612242143
